# p trainAccuracy trainError testAccuracy testError
1 0.19791666666666663 0.8020833333333334 0.1925 0.8075
51 0.7401666666666666 0.25983333333333336 0.7434166666666666 0.25658333333333333
101 0.8209375 0.1790625 0.8260833333333333 0.17391666666666666
151 0.86175 0.13825 0.8649166666666667 0.13508333333333333
201 0.8710833333333333 0.12891666666666668 0.8723333333333333 0.12766666666666668
251 0.8800416666666666 0.11995833333333333 0.8815 0.1185
301 0.8897708333333333 0.11022916666666667 0.8891666666666667 0.11083333333333334
351 0.8988125 0.1011875 0.8975 0.1025
401 0.9035208333333333 0.09647916666666667 0.90575 0.09425
451 0.9104375 0.0895625 0.9104166666666667 0.08958333333333333
501 0.9164375 0.0835625 0.9171666666666667 0.08283333333333333
551 0.9201666666666667 0.07983333333333334 0.9140833333333334 0.08591666666666667
601 0.925125 0.074875 0.9255 0.0745
651 0.9272708333333334 0.07272916666666666 0.9275 0.0725
701 0.929125 0.070875 0.9279166666666667 0.07208333333333333
751 0.931875 0.068125 0.9274166666666667 0.07258333333333333
801 0.9363125 0.0636875 0.9314166666666667 0.06858333333333333
851 0.9351666666666667 0.06483333333333334 0.93175 0.06825
901 0.9393958333333333 0.06060416666666667 0.9385 0.0615
951 0.9415625 0.0584375 0.9379166666666666 0.06208333333333333
1001 0.9443333333333334 0.05566666666666667 0.9396666666666667 0.060333333333333336
1051 0.9451875 0.0548125 0.9428333333333333 0.057166666666666664
1101 0.9484791666666667 0.051520833333333335 0.9438333333333333 0.05616666666666666
1151 0.9477083333333334 0.05229166666666667 0.94275 0.05725
1201 0.9508333333333333 0.049166666666666664 0.9440833333333334 0.05591666666666667
1251 0.9505416666666666 0.04945833333333333 0.945 0.055
1301 0.9538125 0.0461875 0.9475833333333333 0.05241666666666667
1351 0.9546875 0.0453125 0.9481666666666667 0.051833333333333335
1401 0.955 0.045 0.9475 0.0525
1451 0.9560208333333333 0.043979166666666666 0.94775 0.05225
1501 0.9568541666666667 0.043145833333333335 0.9480833333333334 0.051916666666666667
1551 0.9585 0.0415 0.9521666666666667 0.04783333333333333
1601 0.960375 0.039625 0.9506666666666667 0.04933333333333333
1651 0.96025 0.03975 0.9510833333333333 0.048916666666666664
1701 0.9608958333333333 0.03910416666666667 0.9518333333333333 0.04816666666666667
1751 0.9622291666666667 0.03777083333333333 0.9541666666666667 0.04583333333333333
1801 0.9632291666666667 0.036770833333333336 0.9528333333333333 0.04716666666666667
1851 0.9635 0.0365 0.95275 0.04725
1901 0.9642291666666667 0.035770833333333335 0.9573333333333334 0.042666666666666665
1951 0.96575 0.03425 0.95525 0.04475
2001 0.9658333333333333 0.034166666666666665 0.9558333333333333 0.04416666666666667
2051 0.9662916666666667 0.03370833333333333 0.9585833333333333 0.041416666666666664
2101 0.9668541666666667 0.03314583333333333 0.9575 0.0425
2151 0.9672499999999999 0.03275 0.9563333333333334 0.043666666666666666
2201 0.9689375 0.0310625 0.9611666666666667 0.03883333333333333
2251 0.9687708333333334 0.031229166666666665 0.9595 0.0405
2301 0.9688333333333333 0.031166666666666665 0.9598333333333333 0.04016666666666667
2351 0.97 0.03 0.9579166666666666 0.042083333333333334
2401 0.9698125 0.0301875 0.9605833333333333 0.03941666666666667
2451 0.9697916666666667 0.030208333333333334 0.9595 0.0405
2501 0.9708333333333333 0.029166666666666667 0.961 0.039
2551 0.9705 0.0295 0.9606666666666667 0.03933333333333333
2601 0.9718333333333333 0.028166666666666666 0.961 0.039
2651 0.9723125 0.0276875 0.9606666666666667 0.03933333333333333
2701 0.9730833333333333 0.026916666666666665 0.9610833333333333 0.03891666666666667
2751 0.9734166666666667 0.026583333333333334 0.96225 0.03775
2801 0.9727083333333333 0.027291666666666665 0.9625 0.0375
2851 0.9741041666666667 0.025895833333333333 0.9636666666666667 0.036333333333333336
2901 0.9739583333333334 0.026041666666666668 0.9630833333333333 0.03691666666666667
2951 0.9743333333333334 0.025666666666666667 0.9628333333333333 0.03716666666666667
3001 0.9747916666666667 0.025208333333333333 0.963 0.037
3051 0.9750416666666667 0.024958333333333332 0.9638333333333333 0.036166666666666666
3101 0.9756875 0.0243125 0.965 0.035
3151 0.9757083333333333 0.024291666666666666 0.9635 0.0365
3201 0.9760833333333333 0.023916666666666666 0.9654166666666667 0.034583333333333334
3251 0.9757916666666666 0.02420833333333333 0.9635833333333333 0.03641666666666667
3301 0.9757708333333334 0.024229166666666666 0.9646666666666667 0.035333333333333335
3351 0.97725 0.02275 0.96475 0.03525
3401 0.977375 0.022625 0.9652499999999999 0.03475
3451 0.9783125 0.0216875 0.965 0.035
3501 0.9778541666666667 0.022145833333333333 0.9639166666666666 0.036083333333333335
3551 0.978625 0.021375 0.9653333333333334 0.034666666666666665
3601 0.9792083333333333 0.020791666666666667 0.9646666666666667 0.035333333333333335
3651 0.9788958333333333 0.021104166666666667 0.9659166666666666 0.034083333333333334
3701 0.9793125 0.0206875 0.96625 0.03375
3751 0.9795625 0.0204375 0.9671666666666666 0.03283333333333333
3801 0.9791458333333334 0.020854166666666667 0.967 0.033
3851 0.9794166666666667 0.020583333333333332 0.967 0.033
3901 0.9804583333333333 0.019541666666666666 0.96675 0.03325
3951 0.9800208333333333 0.019979166666666666 0.9680833333333333 0.03191666666666667
4001 0.9811041666666667 0.018895833333333334 0.96775 0.03225
4051 0.9812916666666667 0.018708333333333334 0.9674166666666667 0.03258333333333333
4101 0.9807916666666666 0.019208333333333334 0.9675 0.0325
4151 0.9810625 0.0189375 0.9673333333333334 0.03266666666666666
4201 0.9814166666666667 0.018583333333333334 0.9675 0.0325
4251 0.981625 0.018375 0.9685 0.0315
4301 0.9819791666666666 0.018020833333333333 0.9678333333333333 0.03216666666666667
4351 0.9817916666666666 0.018208333333333333 0.9689166666666666 0.031083333333333334
4401 0.9818958333333333 0.018104166666666668 0.9690833333333333 0.030916666666666665
4451 0.9825 0.0175 0.9696666666666667 0.030333333333333334
4501 0.9830208333333333 0.016979166666666667 0.96925 0.03075
4551 0.98325 0.01675 0.9690833333333333 0.030916666666666665
4601 0.9825416666666666 0.017458333333333333 0.9700833333333333 0.029916666666666668
4651 0.9830625 0.0169375 0.9698333333333333 0.030166666666666668
4701 0.9834583333333333 0.016541666666666666 0.9699166666666666 0.030083333333333333
4751 0.984 0.016 0.96875 0.03125
4801 0.9838958333333333 0.016104166666666666 0.9695833333333334 0.030416666666666668
4851 0.9843958333333334 0.015604166666666667 0.9713333333333334 0.028666666666666667
4901 0.9846875 0.0153125 0.9705 0.0295
4951 0.9846041666666666 0.015395833333333333 0.9700833333333333 0.029916666666666668
5001 0.9844166666666667 0.015583333333333333 0.9705833333333334 0.029416666666666667
5051 0.984875 0.015125 0.9695 0.0305
5101 0.9848333333333333 0.015166666666666667 0.9704166666666667 0.029583333333333333
5151 0.985375 0.014625 0.9725 0.0275
5201 0.9857083333333333 0.014291666666666666 0.96825 0.03175
5251 0.9851875 0.0148125 0.9715 0.0285
5301 0.98525 0.01475 0.9714166666666667 0.028583333333333332
5351 0.9858333333333333 0.014166666666666666 0.97125 0.02875
5401 0.9857083333333333 0.014291666666666666 0.9705833333333334 0.029416666666666667
5451 0.9858541666666667 0.014145833333333333 0.972 0.028
5501 0.9861458333333333 0.013854166666666667 0.9704166666666667 0.029583333333333333
5551 0.9863333333333333 0.013666666666666667 0.9718333333333333 0.028166666666666666
5601 0.9865833333333334 0.013416666666666667 0.97125 0.02875
5651 0.9865833333333334 0.013416666666666667 0.972 0.028
5701 0.9869583333333334 0.013041666666666667 0.9719166666666667 0.02808333333333333
5751 0.9869583333333334 0.013041666666666667 0.9725833333333334 0.027416666666666666
5801 0.9870625 0.0129375 0.97175 0.02825
5851 0.9876041666666666 0.012395833333333333 0.9726666666666667 0.027333333333333334
5901 0.9875833333333334 0.012416666666666666 0.97075 0.02925
5951 0.9878541666666667 0.012145833333333333 0.9708333333333333 0.029166666666666667
6001 0.9877083333333333 0.012291666666666666 0.97275 0.02725
6051 0.98775 0.01225 0.9716666666666667 0.028333333333333332
6101 0.9881666666666666 0.011833333333333333 0.9731666666666666 0.026833333333333334
6151 0.987875 0.012125 0.97275 0.02725
6201 0.9882708333333333 0.011729166666666667 0.973 0.027
6251 0.988125 0.011875 0.97175 0.02825
6301 0.9885833333333334 0.011416666666666667 0.9729166666666667 0.027083333333333334
6351 0.9884166666666667 0.011583333333333333 0.9725 0.0275
6401 0.9884166666666667 0.011583333333333333 0.972 0.028
6451 0.9891041666666667 0.010895833333333334 0.97275 0.02725
6501 0.9891875 0.0108125 0.9729166666666667 0.027083333333333334
6551 0.989375 0.010625 0.97275 0.02725
6601 0.9892916666666667 0.010708333333333334 0.9733333333333334 0.02666666666666667
6651 0.9897083333333333 0.010291666666666666 0.974 0.026
6701 0.9894583333333333 0.010541666666666666 0.9724166666666667 0.027583333333333335
6751 0.9895208333333333 0.010479166666666666 0.9738333333333333 0.026166666666666668
6801 0.9892708333333333 0.010729166666666666 0.9733333333333334 0.02666666666666667
6851 0.9894375 0.0105625 0.9741666666666666 0.025833333333333333
6901 0.9896041666666666 0.010395833333333333 0.9724166666666667 0.027583333333333335
6951 0.99 0.01 0.9731666666666666 0.026833333333333334
